radix=10;
coefdata=-0.00000097,0.00000250,-0.00000351,0.00000196,0.00000387,-0.00001352,0.00002305,-0.00002561,0.00001491,0.00000910,-0.00003464,0.00003629,0.00002006,-0.00016463,0.00040641,-0.00071766,0.00102776,-0.00123249,0.00121955,-0.00090453,0.00026600,0.00063342,-0.00165004,0.00258849,-0.00325060,0.99998474,-0.00325060,0.00258849,-0.00165004,0.00063342,0.00026600,-0.00090453,0.00121955,-0.00123249,0.00102776,-0.00071766,0.00040641,-0.00016463,0.00002006,0.00003629,-0.00003464,0.00000910,0.00001491,-0.00002561,0.00002305,-0.00001352,0.00000387,0.00000196,-0.00000351,0.00000250,-0.00000097