radix=10;
coefdata=-0.010179,0.010597,-0.011052,0.011548,-0.012090,0.012686,-0.013343,0.014072,-0.014885,0.015799,-0.016831,0.018008,-0.019362,0.020936,-0.022789,0.025002,-0.027690,0.031026,-0.035276,0.040876,-0.048588,0.059888,-0.078036,0.111964,-0.198091,0.858394,0.367883,-0.151481,0.095377,-0.069599,0.054791,-0.045179,0.038436,-0.033444,0.029600,-0.026548,0.024067,-0.022010,0.020277,-0.018797,0.017518,-0.016402,0.015420,-0.014549,0.013771,-0.013072,0.012440,-0.011867,0.011344,-0.010866,0.010426;